;this is the 1GHz test vec
radix 1 1 1 1
io i i i i
vname SCANCLK SCANIN ENABLECOMMON GLOBALENABLEB



tunit 1p
period 5000 	;100MHz clock
trise 15	; 15ps rise time
tfall 15	; 15ps fall time
vih 0.9
vil 0
voh 0.81

vol 0.09
chk_window -.98 .99 1	;for 1ns clock
;OUTPUT_SELECT<4:1>
;0 1 0 1
;1 1 0 1
;0 1 0 1
;1 1 0 1
;0 0 0 1
;1 0 0 1
;0 0 0 1
;1 0 0 1
;FREQSELECT<14:1>
;0 0 0 1
;1 0 0 1
;0 0 0 1
;1 0 0 1
;0 0 0 1
;1 0 0 1
;0 0 0 1
;1 0 0 1
;0 0 0 1
;1 0 0 1
;0 0 0 1
;1 0 0 1
;0 0 0 1
;1 0 0 1
;0 0 0 1
;1 0 0 1
;0 0 0 1
;1 0 0 1
;0 0 0 1
;1 0 0 1
;0 1 0 1
;1 1 0 1
;0 0 0 1
;1 0 0 1
;0 0 0 1
;1 0 0 1
;0 0 0 1
;1 0 0 1
;ROSELECT<4:1>
;0 1 0 1
;1 1 0 1
;0 0 0 1
;1 0 0 1
;0 0 0 1
;1 0 0 1
;0 0 0 1
;1 0 0 1
;START CLK
;0 0 0 1
;1 0 0 1
;0 0 0 1
;1 0 0 1
;0 0 0 1
;1 0 0 1
;0 0 0 1
;1 0 0 1
;0 0 0 1
;1 0 0 1
;0 0 0 1
;1 0 0 1
;0 0 0 1
;1 0 0 1
;0 0 0 1
;1 0 0 1
;0 0 0 1
;1 0 0 1
;0 0 0 1
;1 0 0 1
;0 0 0 1
;1 0 0 1
;0 0 0 1
;1 0 0 1
;0 0 0 1
;1 0 0 1
;0 0 0 1
;1 0 0 1
;0 0 0 1
;1 0 0 1
;0 0 0 1
;1 0 0 1
;0 0 0 1
;1 0 0 1
;0 0 0 1
;1 0 0 1
;0 0 0 1
;1 0 0 1
;0 0 0 1
;1 0 0 1
;0 0 0 1
;1 0 0 1
;0 0 0 1
;1 0 0 1
;0 0 0 1
;1 0 0 1
;0 0 0 1
;1 0 0 1
;0 0 0 1
;1 0 0 1
;0 0 0 1
;1 0 0 1
;0 0 0 1
;1 0 0 1
;0 0 0 1
;1 0 0 1
;0 0 0 1
;1 0 0 1
;0 0 0 1
;1 0 0 1
;0 0 0 1
;1 0 0 1
;0 0 0 1
;1 0 0 1
;0 0 0 1
;1 0 0 1
;0 0 0 1
;1 0 0 1
;0 0 0 1
;1 0 0 1
;0 0 0 1
;1 0 0 1
;0 0 0 1
;1 0 0 1
;0 0 0 1
;1 0 0 1
;0 0 0 1
;1 0 0 1
;0 0 0 1
;1 0 0 1
;0 0 0 1
;1 0 0 1
;0 0 0 1
;1 0 0 1
;0 0 0 1
;1 0 0 1
;0 0 0 1
;1 0 0 1
;0 0 0 1
;1 0 0 1
;0 0 0 1
;1 0 0 1
;0 0 0 1
;1 0 0 1
;0 0 0 1
;1 0 0 1
;0 0 0 1
;1 0 0 1
;0 0 0 1
;1 0 0 1
;0 0 0 1
;1 0 0 1
;0 0 0 1
;1 0 0 1
;0 0 0 1
;1 0 0 1
;0 0 0 1
;1 0 0 1
;0 0 0 1
;1 0 0 1
;0 0 0 1
;1 0 0 1
;0 0 0 1
;1 0 0 1
;0 0 0 1
;1 0 0 1
;0 0 0 1
;1 0 0 1
;0 0 0 1
;1 0 0 1
;0 0 0 1
;1 0 0 1
;0 0 0 1
;1 0 0 1
;0 0 0 1
;1 0 0 1
;0 0 0 1
;1 0 0 1
;0 0 0 1
;1 0 0 1
;0 0 0 1
;1 0 0 1
;0 0 0 1
;1 0 0 1
;0 0 0 1
;1 0 0 1
;0 0 0 1
;1 0 0 1
;0 0 0 1
;1 0 0 1
;0 0 0 1
;1 0 0 1
;0 0 0 1
;1 0 0 1
;0 0 0 1
;1 0 0 1
;0 0 0 1
;1 0 0 1
;0 0 0 1
;1 0 0 1
;0 0 0 1
;1 0 0 1
;0 0 0 1
;1 0 0 1
;0 0 0 1
;1 0 0 1
;0 0 0 1
;1 0 0 1
;0 0 0 1
;1 0 0 1
;0 0 0 1
;1 0 0 1
;0 0 0 1
;1 0 0 1
;0 0 0 1
;1 0 0 1
;0 0 0 1
;1 0 0 1
;0 0 0 1
;1 0 0 1
;0 0 0 1
;1 0 0 1
;0 0 0 1
;1 0 0 1
;0 0 0 1
;1 0 0 1
;0 0 0 1
;1 0 0 1
;0 0 0 1
;1 0 0 1
;0 0 0 1
;1 0 0 1
;0 0 0 1
;1 0 0 1
;0 0 0 1
;1 0 0 1
;0 0 0 1
;1 0 0 1
;0 0 0 1
;1 0 0 1
;0 0 0 1
;1 0 0 1
;0 0 0 1
;1 0 0 1
;0 0 0 1
;1 0 0 1
;0 0 0 1
;1 0 0 1
;0 0 0 1
;1 0 0 1
